1 1 0
2 1 0.00424159
3 1 0.0084833
4 1 0.0127249
5 1 0.0169653
6 1 0.0212024
7 1 0.0254325
8 1 0.0296499
9 1 0.0338468
10 1 0.0380128
11 1 0.0421346
12 1 0.0461958
13 1 0.050177
14 1 0.0540556
15 1 0.057806
16 1 0.0614002
17 1 0.0648081
18 1 0.0679984
19 1 0.0709395
20 1 0.0736009
21 1 0.0759541
22 1 0.0779741
23 1 0.0796404
24 1 0.0809381
25 1 0.0818584
26 1 0.0823997
27 1 0.0825669
28 1 0.0823721
29 1 0.0818335
30 1 0.0809749
31 1 0.0798246
32 1 0.0784146
33 1 0.0767789
34 1 0.0749525
35 1 0.07297
36 1 0.0708654
37 1 0.0686701
38 1 0.0664134
39 1 0.0641215
40 1 0.0618177
41 1 0.0595217
42 1 0.0572505
43 1 0.0550181
44 1 0.0528356
45 1 0.0507118
46 1 0.0486534
47 1 0.0466649
48 1 0.0447495
49 1 0.0429088
50 1 0.0411434
51 1 0.0394528
52 1 0.0378359
53 1 0.0362907
54 1 0.0348153
55 1 0.0334068
56 1 0.0320626
57 1 0.0307793
58 1 0.0295542
59 1 0.0283838
60 1 0.027265
61 1 0.0261947
62 1 0.0251697
63 1 0.024187
64 1 0.0232436
65 1 0.0223368
66 1 0.0214638
67 1 0.0206219
68 1 0.0198089
69 1 0.0190222
70 1 0.0182597
71 1 0.0175192
72 1 0.0167989
73 1 0.0160968
74 1 0.0154112
75 1 0.0147406
76 1 0.0140834
77 1 0.0134382
78 1 0.0128038
79 1 0.0121789
80 1 0.0115626
81 1 0.0109536
82 1 0.0103513
83 1 0.00975468
84 1 0.00916308
85 1 0.00857575
86 1 0.00799217
87 1 0.00741172
88 1 0.00683399
89 1 0.00625849
90 1 0.00568492
91 1 0.00511289
92 1 0.00454217
93 1 0.00397248
94 1 0.00340365
95 1 0.00283547
96 1 0.00226782
97 1 0.00170055
98 1 0.00113355
99 1 0.000566733
100 1 0
1 2 0.00424159
2 2 0.0169666
3 2 0.0339337
4 2 0.0509003
5 2 0.0678623
6 2 0.0848109
7 2 0.101731
8 2 0.118601
9 2 0.135389
10 2 0.152053
11 2 0.168541
12 2 0.184786
13 2 0.200711
14 2 0.216226
15 2 0.231228
16 2 0.245605
17 2 0.259236
18 2 0.271997
19 2 0.283762
20 2 0.294408
21 2 0.303821
22 2 0.311901
23 2 0.318567
24 2 0.323758
25 2 0.327439
26 2 0.329604
27 2 0.330274
28 2 0.329494
29 2 0.32734
30 2 0.323906
31 2 0.319305
32 2 0.313665
33 2 0.307122
34 2 0.299817
35 2 0.291887
36 2 0.283469
37 2 0.274688
38 2 0.265661
39 2 0.256494
40 2 0.247278
41 2 0.238094
42 2 0.22901
43 2 0.22008
44 2 0.21135
45 2 0.202855
46 2 0.194621
47 2 0.186668
48 2 0.179006
49 2 0.171643
50 2 0.164581
51 2 0.157819
52 2 0.151351
53 2 0.145171
54 2 0.139269
55 2 0.133635
56 2 0.128258
57 2 0.123125
58 2 0.118224
59 2 0.113543
60 2 0.109068
61 2 0.104786
62 2 0.100686
63 2 0.0967553
64 2 0.0929817
65 2 0.0893544
66 2 0.085862
67 2 0.0824948
68 2 0.0792422
69 2 0.0760954
70 2 0.073045
71 2 0.0700832
72 2 0.0672015
73 2 0.0643932
74 2 0.0616507
75 2 0.0589681
76 2 0.056339
77 2 0.0537582
78 2 0.0512203
79 2 0.0487207
80 2 0.0462549
81 2 0.0438191
82 2 0.0414095
83 2 0.0390229
84 2 0.0366561
85 2 0.0343067
86 2 0.031972
87 2 0.0296501
88 2 0.0273388
89 2 0.0250367
90 2 0.0227421
91 2 0.0204538
92 2 0.0181706
93 2 0.0158917
94 2 0.0136161
95 2 0.0113432
96 2 0.00907227
97 2 0.00680296
98 2 0.00453471
99 2 0.00226719
100 2 0.000566733
1 3 0.0084833
2 3 0.0339337
3 3 0.0678699
4 3 0.101808
5 3 0.135742
6 3 0.169655
7 3 0.203519
8 3 0.237292
9 3 0.27091
10 3 0.304293
11 3 0.337334
12 3 0.369903
13 3 0.401844
14 3 0.432977
15 3 0.463094
16 3 0.491969
17 3 0.519359
18 3 0.545008
19 3 0.56866
20 3 0.590067
21 3 0.608994
22 3 0.625237
23 3 0.638629
24 3 0.649046
25 3 0.656417
26 3 0.660728
27 3 0.662019
28 3 0.660389
29 3 0.655985
30 3 0.649003
31 3 0.639675
32 3 0.62826
33 3 0.615035
34 3 0.600285
35 3 0.584292
36 3 0.567328
37 3 0.54965
38 3 0.531492
39 3 0.513065
40 3 0.494555
41 3 0.47612
42 3 0.457896
43 3 0.439991
44 3 0.422497
45 3 0.40548
46 3 0.388995
47 3 0.373075
48 3 0.357745
49 3 0.343017
50 3 0.328896
51 3 0.315375
52 3 0.302447
53 3 0.290095
54 3 0.278302
55 3 0.267045
56 3 0.256303
57 3 0.24605
58 3 0.236261
59 3 0.22691
60 3 0.217972
61 3 0.209421
62 3 0.201233
63 3 0.193382
64 3 0.185847
65 3 0.178602
66 3 0.171628
67 3 0.164902
68 3 0.158406
69 3 0.15212
70 3 0.146028
71 3 0.140111
72 3 0.134355
73 3 0.128744
74 3 0.123265
75 3 0.117905
76 3 0.112652
77 3 0.107494
78 3 0.102423
79 3 0.097427
80 3 0.0924989
81 3 0.0876299
82 3 0.0828133
83 3 0.078042
84 3 0.0733106
85 3 0.068613
86 3 0.0639452
87 3 0.0593021
88 3 0.0546806
89 3 0.0500767
90 3 0.0454879
91 3 0.0409114
92 3 0.0363451
93 3 0.031787
94 3 0.0272356
95 3 0.0226892
96 3 0.0181471
97 3 0.0136078
98 3 0.00907075
99 3 0.00453503
100 3 0.00113363
1 4 0.0127249
2 4 0.0509003
3 4 0.101808
4 4 0.152727
5 4 0.20365
6 4 0.254558
7 4 0.305412
8 4 0.35615
9 4 0.406684
10 4 0.456892
11 4 0.506618
12 4 0.555669
13 4 0.603811
14 4 0.650768
15 4 0.69623
16 4 0.739849
17 4 0.781252
18 4 0.820048
19 4 0.85584
20 4 0.888241
21 4 0.916889
22 4 0.941465
23 4 0.961706
24 4 0.977421
25 4 0.9885
26 4 0.994915
27 4 0.996734
28 4 0.994104
29 4 0.987258
30 4 0.976498
31 4 0.962184
32 4 0.944717
33 4 0.924527
34 4 0.902051
35 4 0.877723
36 4 0.851959
37 4 0.82515
38 4 0.797651
39 4 0.76978
40 4 0.741816
41 4 0.713997
42 4 0.686522
43 4 0.659556
44 4 0.633227
45 4 0.607639
46 4 0.582864
47 4 0.558956
48 4 0.535945
49 4 0.51385
50 4 0.492672
51 4 0.472404
52 4 0.453029
53 4 0.434525
54 4 0.41686
55 4 0.400005
56 4 0.383921
57 4 0.368573
58 4 0.35392
59 4 0.339926
60 4 0.32655
61 4 0.313755
62 4 0.301501
63 4 0.289754
64 4 0.278477
65 4 0.267637
66 4 0.2572
67 4 0.247135
68 4 0.237413
69 4 0.228006
70 4 0.218886
71 4 0.21003
72 4 0.201412
73 4 0.193012
74 4 0.184807
75 4 0.176781
76 4 0.168913
77 4 0.161188
78 4 0.15359
79 4 0.146106
80 4 0.138721
81 4 0.131425
82 4 0.124206
83 4 0.117055
84 4 0.109961
85 4 0.102919
86 4 0.0959203
87 4 0.0889586
88 4 0.0820278
89 4 0.0751236
90 4 0.068241
91 4 0.0613768
92 4 0.0545272
93 4 0.0476898
94 4 0.0408617
95 4 0.0340414
96 4 0.0272268
97 4 0.0204166
98 4 0.0136094
99 4 0.00680424
100 4 0.00170087
1 5 0.0169653
2 5 0.0678623
3 5 0.135742
4 5 0.20365
5 5 0.271586
6 5 0.33953
7 5 0.407438
8 5 0.475234
9 5 0.542806
10 5 0.609999
11 5 0.676608
12 5 0.742378
13 5 0.806996
14 5 0.870094
15 5 0.931249
16 5 0.989989
17 5 1.0458
18 5 1.09814
19 5 1.14646
20 5 1.19022
21 5 1.22891
22 5 1.26209
23 5 1.28937
24 5 1.3105
25 5 1.32531
26 5 1.33377
27 5 1.33597
28 5 1.33211
29 5 1.32252
30 5 1.30762
31 5 1.28792
32 5 1.26398
33 5 1.23639
34 5 1.20575
35 5 1.17267
36 5 1.13772
37 5 1.10143
38 5 1.06427
39 5 1.02668
40 5 0.989023
41 5 0.951619
42 5 0.914732
43 5 0.878573
44 5 0.843313
45 5 0.809077
46 5 0.775963
47 5 0.744032
48 5 0.713326
49 5 0.683859
50 5 0.655634
51 5 0.628635
52 5 0.602838
53 5 0.578208
54 5 0.554707
55 5 0.532286
56 5 0.510899
57 5 0.490492
58 5 0.471016
59 5 0.452415
60 5 0.434639
61 5 0.417635
62 5 0.401353
63 5 0.385743
64 5 0.370759
65 5 0.356353
66 5 0.342484
67 5 0.329108
68 5 0.316187
69 5 0.303682
70 5 0.29156
71 5 0.279784
72 5 0.268326
73 5 0.257154
74 5 0.246243
75 5 0.235564
76 5 0.225097
77 5 0.214817
78 5 0.204706
79 5 0.194742
80 5 0.184912
81 5 0.175196
82 5 0.165583
83 5 0.156057
84 5 0.146609
85 5 0.137226
86 5 0.1279
87 5 0.118622
88 5 0.109384
89 5 0.100181
90 5 0.091006
91 5 0.081854
92 5 0.0727214
93 5 0.0636037
94 5 0.0544986
95 5 0.0454027
96 5 0.0363144
97 5 0.0272313
98 5 0.0181522
99 5 0.00907549
100 5 0.00226863
1 6 0.0212024
2 6 0.0848109
3 6 0.169655
4 6 0.254558
5 6 0.33953
6 6 0.424558
7 6 0.509599
8 6 0.59457
9 6 0.67934
10 6 0.763725
11 6 0.847478
12 6 0.930282
13 6 1.01175
14 6 1.09141
15 6 1.16874
16 6 1.24312
17 6 1.31388
18 6 1.38032
19 6 1.44171
20 6 1.49734
21 6 1.54653
22 6 1.58867
23 6 1.62328
24 6 1.64998
25 6 1.66856
26 6 1.67898
27 6 1.68135
28 6 1.67594
29 6 1.66319
30 6 1.64365
31 6 1.61801
32 6 1.58699
33 6 1.55139
34 6 1.51201
35 6 1.46961
36 6 1.42494
37 6 1.37868
38 6 1.33144
39 6 1.28376
40 6 1.2361
41 6 1.18885
42 6 1.14234
43 6 1.09682
44 6 1.05249
45 6 1.00952
46 6 0.968002
47 6 0.928013
48 6 0.889591
49 6 0.852755
50 6 0.817495
51 6 0.783792
52 6 0.751605
53 6 0.720893
54 6 0.691597
55 6 0.663661
56 6 0.637019
57 6 0.611607
58 6 0.587357
59 6 0.564203
60 6 0.542076
61 6 0.520914
62 6 0.50065
63 6 0.481225
64 6 0.462576
65 6 0.444648
66 6 0.427385
67 6 0.410737
68 6 0.394652
69 6 0.379084
70 6 0.363988
71 6 0.349324
72 6 0.335051
73 6 0.321134
74 6 0.307536
75 6 0.294229
76 6 0.28118
77 6 0.268364
78 6 0.255753
79 6 0.243327
80 6 0.231061
81 6 0.218938
82 6 0.206939
83 6 0.195048
84 6 0.183251
85 6 0.171534
86 6 0.159885
87 6 0.148295
88 6 0.136754
89 6 0.125254
90 6 0.113787
91 6 0.102348
92 6 0.0909318
93 6 0.0795338
94 6 0.0681496
95 6 0.0567769
96 6 0.0454124
97 6 0.0340543
98 6 0.0227005
99 6 0.0113496
100 6 0.00283708
1 7 0.0254325
2 7 0.101731
3 7 0.203519
4 7 0.305412
5 7 0.407438
6 7 0.509599
7 7 0.611861
8 7 0.714141
9 7 0.8163
10 7 0.91813
11 7 1.01935
12 7 1.11958
13 7 1.21836
14 7 1.31514
15 7 1.40925
16 7 1.49993
17 7 1.58636
18 7 1.66763
19 7 1.74282
20 7 1.811
21 7 1.87129
22 7 1.9229
23 7 1.96519
24 7 1.99768
25 7 2.02009
26 7 2.03235
27 7 2.03461
28 7 2.02723
29 7 2.01076
30 7 1.98593
31 7 1.95359
32 7 1.91472
33 7 1.87033
34 7 1.82141
35 7 1.76896
36 7 1.7139
37 7 1.65706
38 7 1.5992
39 7 1.54096
40 7 1.48291
41 7 1.42549
42 7 1.3691
43 7 1.31402
44 7 1.26049
45 7 1.20866
46 7 1.15867
47 7 1.11058
48 7 1.06443
49 7 1.02023
50 7 0.977962
51 7 0.937587
52 7 0.89906
53 7 0.862315
54 7 0.827288
55 7 0.793897
56 7 0.762067
57 7 0.731714
58 7 0.702758
59 7 0.675114
60 7 0.648703
61 7 0.623443
62 7 0.599259
63 7 0.576074
64 7 0.553818
65 7 0.532419
66 7 0.511815
67 7 0.491939
68 7 0.472735
69 7 0.454144
70 7 0.436116
71 7 0.418597
72 7 0.401545
73 7 0.384911
74 7 0.368659
75 7 0.352747
76 7 0.337142
77 7 0.321809
78 7 0.306721
79 7 0.291846
80 7 0.277163
81 7 0.262645
82 7 0.248274
83 7 0.234027
84 7 0.21989
85 7 0.205846
86 7 0.191881
87 7 0.177983
88 7 0.164142
89 7 0.150346
90 7 0.13659
91 7 0.122864
92 7 0.109164
93 7 0.095484
94 7 0.0818198
95 7 0.0681673
96 7 0.0545244
97 7 0.0408878
98 7 0.0272562
99 7 0.0136273
100 7 0.00340647
1 8 0.0296499
2 8 0.118601
3 8 0.237292
4 8 0.35615
5 8 0.475234
6 8 0.59457
7 8 0.714141
8 8 0.833876
9 8 0.953636
10 8 1.0732
11 8 1.19226
12 8 1.31039
13 8 1.42706
14 8 1.54161
15 8 1.65326
16 8 1.76109
17 8 1.86408
18 8 1.96112
19 8 2.05104
20 8 2.13265
21 8 2.20483
22 8 2.26657
23 8 2.31702
24 8 2.35558
25 8 2.38189
26 8 2.39586
27 8 2.39767
28 8 2.38776
29 8 2.36685
30 8 2.33585
31 8 2.29587
32 8 2.24814
33 8 2.19393
34 8 2.13451
35 8 2.0711
36 8 2.0048
37 8 1.93664
38 8 1.86751
39 8 1.79817
40 8 1.72926
41 8 1.66131
42 8 1.59473
43 8 1.52986
44 8 1.46695
45 8 1.40617
46 8 1.34763
47 8 1.2914
48 8 1.23752
49 8 1.18597
50 8 1.13672
51 8 1.08973
52 8 1.04492
53 8 1.00222
54 8 0.961526
55 8 0.922763
56 8 0.885823
57 8 0.850614
58 8 0.81703
59 8 0.784978
60 8 0.754357
61 8 0.725078
62 8 0.697044
63 8 0.670172
64 8 0.644372
65 8 0.619568
66 8 0.595679
67 8 0.572636
68 8 0.550364
69 8 0.528802
70 8 0.507885
71 8 0.487559
72 8 0.467764
73 8 0.448454
74 8 0.429578
75 8 0.411094
76 8 0.39296
77 8 0.375139
78 8 0.357593
79 8 0.340295
80 8 0.32321
81 8 0.306315
82 8 0.289584
83 8 0.272995
84 8 0.256528
85 8 0.240166
86 8 0.223891
87 8 0.207691
88 8 0.191553
89 8 0.175466
90 8 0.15942
91 8 0.143409
92 8 0.127424
93 8 0.111461
94 8 0.0955133
95 8 0.0795789
96 8 0.0636534
97 8 0.0477349
98 8 0.0318208
99 8 0.0159097
100 8 0.00397699
1 9 0.0338468
2 9 0.135389
3 9 0.27091
4 9 0.406684
5 9 0.542806
6 9 0.67934
7 9 0.8163
8 9 0.953636
9 9 1.09122
10 9 1.22884
11 9 1.36616
12 9 1.50273
13 9 1.63795
14 9 1.77107
15 9 1.90118
16 9 2.02719
17 9 2.14786
18 9 2.26185
19 9 2.36768
20 9 2.46386
21 9 2.54895
22 9 2.62165
23 9 2.68089
24 9 2.72589
25 9 2.75619
26 9 2.77169
27 9 2.7726
28 9 2.75947
29 9 2.73318
30 9 2.69492
31 9 2.64608
32 9 2.58823
33 9 2.52294
34 9 2.45181
35 9 2.3763
36 9 2.29776
37 9 2.21739
38 9 2.13623
39 9 2.05515
40 9 1.97486
41 9 1.89595
42 9 1.81887
43 9 1.74397
44 9 1.6715
45 9 1.60164
46 9 1.53449
47 9 1.4701
48 9 1.40848
49 9 1.34962
50 9 1.29345
51 9 1.23991
52 9 1.1889
53 9 1.14032
54 9 1.09406
55 9 1.05002
56 9 1.00807
57 9 0.968099
58 9 0.929988
59 9 0.89362
60 9 0.858886
61 9 0.825672
62 9 0.793878
63 9 0.763397
64 9 0.734136
65 9 0.705997
66 9 0.678897
67 9 0.652748
68 9 0.627474
69 9 0.602996
70 9 0.579248
71 9 0.55616
72 9 0.533673
73 9 0.511727
74 9 0.490269
75 9 0.469248
76 9 0.448619
77 9 0.428337
78 9 0.408364
79 9 0.388662
80 9 0.3692
81 9 0.349945
82 9 0.330872
83 9 0.311953
84 9 0.293169
85 9 0.274497
86 9 0.255922
87 9 0.237425
88 9 0.218996
89 9 0.200619
90 9 0.182287
91 9 0.163988
92 9 0.145719
93 9 0.127469
94 9 0.109237
95 9 0.0910156
96 9 0.0728039
97 9 0.0545981
98 9 0.0363967
99 9 0.0181977
100 9 0.00454894
1 10 0.0380128
2 10 0.152053
3 10 0.304293
4 10 0.456892
5 10 0.609999
6 10 0.763725
7 10 0.91813
8 10 1.0732
9 10 1.22884
10 10 1.38485
11 10 1.5409
12 10 1.69651
13 10 1.85104
14 10 2.00365
15 10 2.1533
16 10 2.29873
17 10 2.43847
18 10 2.57086
19 10 2.6941
20 10 2.8063
21 10 2.90562
22 10 2.99036
23 10 3.05916
24 10 3.11105
25 10 3.14548
26 10 3.16229
27 10 3.16175
28 10 3.14452
29 10 3.1117
30 10 3.06477
31 10 3.00552
32 10 2.93594
33 10 2.85802
34 10 2.7737
35 10 2.68475
36 10 2.59278
37 10 2.49917
38 10 2.40511
39 10 2.31156
40 10 2.21932
41 10 2.129
42 10 2.04107
43 10 1.95589
44 10 1.8737
45 10 1.79465
46 10 1.71883
47 10 1.64627
48 10 1.57695
49 10 1.51083
50 10 1.44781
51 10 1.3878
52 10 1.33069
53 10 1.27635
54 10 1.22464
55 10 1.17543
56 10 1.12859
57 10 1.08397
58 10 1.04144
59 10 1.00088
60 10 0.96213
61 10 0.925091
62 10 0.88963
63 10 0.855639
64 10 0.823001
65 10 0.791618
66 10 0.761383
67 10 0.732208
68 10 0.703998
69 10 0.676674
70 10 0.650153
71 10 0.624364
72 10 0.599235
73 10 0.574704
74 10 0.550707
75 10 0.527192
76 10 0.504103
77 10 0.481396
78 10 0.459024
79 10 0.436949
80 10 0.41513
81 10 0.393539
82 10 0.37214
83 10 0.350909
84 10 0.329819
85 10 0.30885
86 10 0.287981
87 10 0.267195
88 10 0.246477
89 10 0.225815
90 10 0.205196
91 10 0.184612
92 10 0.164054
93 10 0.143517
94 10 0.122995
95 10 0.102484
96 10 0.0819797
97 10 0.0614812
98 10 0.0409858
99 10 0.0204925
100 10 0.00512255
1 11 0.0421346
2 11 0.168541
3 11 0.337334
4 11 0.506618
5 11 0.676608
6 11 0.847478
7 11 1.01935
8 11 1.19226
9 11 1.36616
10 11 1.5409
11 11 1.71616
12 11 1.89148
13 11 2.06616
14 11 2.23931
15 11 2.40977
16 11 2.57609
17 11 2.73656
18 11 2.88917
19 11 3.03171
20 11 3.16179
21 11 3.27702
22 11 3.37518
23 11 3.45453
24 11 3.51388
25 11 3.55257
26 11 3.57045
27 11 3.56779
28 11 3.54539
29 11 3.50455
30 11 3.44715
31 11 3.37553
32 11 3.29223
33 11 3.19975
34 11 3.10045
35 11 2.99648
36 11 2.88969
37 11 2.78167
38 11 2.67374
39 11 2.56694
40 11 2.46213
41 11 2.35992
42 11 2.2608
43 11 2.1651
44 11 2.07303
45 11 1.98471
46 11 1.9002
47 11 1.81948
48 11 1.74252
49 11 1.66921
50 11 1.59944
51 11 1.53309
52 11 1.47
53 11 1.41002
54 11 1.353
55 11 1.29876
56 11 1.24716
57 11 1.19803
58 11 1.15122
59 11 1.10657
60 11 1.06395
61 11 1.02319
62 11 0.984183
63 11 0.946783
64 11 0.910876
65 11 0.876337
66 11 0.843063
67 11 0.810942
68 11 0.77988
69 11 0.74978
70 11 0.720559
71 11 0.69213
72 11 0.664421
73 11 0.637356
74 11 0.610874
75 11 0.584907
76 11 0.559403
77 11 0.534306
78 11 0.509571
79 11 0.485149
80 11 0.461005
81 11 0.437096
82 11 0.413395
83 11 0.389866
84 11 0.366487
85 11 0.343231
86 11 0.320079
87 11 0.297009
88 11 0.274009
89 11 0.251062
90 11 0.228159
91 11 0.205288
92 11 0.182441
93 11 0.159612
94 11 0.136796
95 11 0.113988
96 11 0.0911865
97 11 0.0683876
98 11 0.045591
99 11 0.0227953
100 11 0.00569821
1 12 0.0461958
2 12 0.184786
3 12 0.369903
4 12 0.555669
5 12 0.742378
6 12 0.930282
7 12 1.11958
8 12 1.31039
9 12 1.50273
10 12 1.69651
11 12 1.89148
12 12 2.08717
13 12 2.28293
14 12 2.47779
15 12 2.67051
16 12 2.85946
17 12 3.04265
18 12 3.21772
19 12 3.38194
20 12 3.53232
21 12 3.66568
22 12 3.77901
23 12 3.8701
24 12 3.93756
25 12 3.9807
26 12 3.99935
27 12 3.99382
28 12 3.96493
29 12 3.9142
30 12 3.84401
31 12 3.75749
32 12 3.65795
33 12 3.54855
34 12 3.43216
35 12 3.3113
36 12 3.18811
37 12 3.06437
38 12 2.9415
39 12 2.82064
40 12 2.70261
41 12 2.58807
42 12 2.47742
43 12 2.37098
44 12 2.2689
45 12 2.17127
46 12 2.07808
47 12 1.98927
48 12 1.90474
49 12 1.82436
50 12 1.74798
51 12 1.67542
52 12 1.60651
53 12 1.54106
54 12 1.47887
55 12 1.41977
56 12 1.36357
57 12 1.31009
58 12 1.25914
59 12 1.21056
60 12 1.16418
61 12 1.11985
62 12 1.07741
63 12 1.03673
64 12 0.99766
65 12 0.96008
66 12 0.92386
67 12 0.888893
68 12 0.855062
69 12 0.822273
70 12 0.790423
71 12 0.759429
72 12 0.729201
73 12 0.699668
74 12 0.67075
75 12 0.642386
76 12 0.614509
77 12 0.587067
78 12 0.560002
79 12 0.53327
80 12 0.506824
81 12 0.480629
82 12 0.454642
83 12 0.428838
84 12 0.403182
85 12 0.377653
86 12 0.352225
87 12 0.326882
88 12 0.301602
89 12 0.276376
90 12 0.251187
91 12 0.226028
92 12 0.200888
93 12 0.175764
94 12 0.150648
95 12 0.125537
96 12 0.100429
97 12 0.0753221
98 12 0.0502149
99 12 0.0251076
100 12 0.00627621
1 13 0.050177
2 13 0.200711
3 13 0.401844
4 13 0.603811
5 13 0.806996
6 13 1.01175
7 13 1.21836
8 13 1.42706
9 13 1.63795
10 13 1.85104
11 13 2.06616
12 13 2.28293
13 13 2.50071
14 13 2.71856
15 13 2.93516
16 13 3.14874
17 13 3.35704
18 13 3.55729
19 13 3.74621
20 13 3.92007
21 13 4.07456
22 13 4.2053
23 13 4.30951
24 13 4.3858
25 13 4.43356
26 13 4.45269
27 13 4.44344
28 13 4.40656
29 13 4.34359
30 13 4.25747
31 13 4.15273
32 13 4.03382
33 13 3.90464
34 13 3.76864
35 13 3.62874
36 13 3.48738
37 13 3.3465
38 13 3.2076
39 13 3.07181
40 13 2.93996
41 13 2.81262
42 13 2.69018
43 13 2.57283
44 13 2.46068
45 13 2.35373
46 13 2.25191
47 13 2.1551
48 13 2.06315
49 13 1.97585
50 13 1.89303
51 13 1.81445
52 13 1.7399
53 13 1.66916
54 13 1.60201
55 13 1.53823
56 13 1.4776
57 13 1.41993
58 13 1.36502
59 13 1.31267
60 13 1.2627
61 13 1.21493
62 13 1.16921
63 13 1.12537
64 13 1.08327
65 13 1.04276
66 13 1.00371
67 13 0.965997
68 13 0.929501
69 13 0.894106
70 13 0.859717
71 13 0.82623
72 13 0.79356
73 13 0.761617
74 13 0.730329
75 13 0.699617
76 13 0.669422
77 13 0.639674
78 13 0.610324
79 13 0.581313
80 13 0.552602
81 13 0.524141
82 13 0.495898
83 13 0.467833
84 13 0.43992
85 13 0.412129
86 13 0.384438
87 13 0.356824
88 13 0.329273
89 13 0.301766
90 13 0.274293
91 13 0.246843
92 13 0.219409
93 13 0.191982
94 13 0.16456
95 13 0.137137
96 13 0.109714
97 13 0.0822887
98 13 0.054861
99 13 0.027431
100 13 0.00685702
1 14 0.0540556
2 14 0.216226
3 14 0.432977
4 14 0.650768
5 14 0.870094
6 14 1.09141
7 14 1.31514
8 14 1.54161
9 14 1.77107
10 14 2.00365
11 14 2.23931
12 14 2.47779
13 14 2.71856
14 14 2.96074
15 14 3.20299
16 14 3.44346
17 14 3.67966
18 14 3.90837
19 14 4.12575
20 14 4.32739
21 14 4.50742
22 14 4.65834
23 14 4.7771
24 14 4.86281
25 14 4.91532
26 14 4.93467
27 14 4.92098
28 14 4.87455
29 14 4.79644
30 14 4.68984
31 14 4.56244
32 14 4.42027
33 14 4.26789
34 14 4.10933
35 14 3.94799
36 14 3.78652
37 14 3.62699
38 14 3.47092
39 14 3.31939
40 14 3.17314
41 14 3.03266
42 14 2.89818
43 14 2.76984
44 14 2.64762
45 14 2.53143
46 14 2.42111
47 14 2.31646
48 14 2.21726
49 14 2.12326
50 14 2.0342
51 14 1.94983
52 14 1.86986
53 14 1.79405
54 14 1.72214
55 14 1.65389
56 14 1.58905
57 14 1.52739
58 14 1.4687
59 14 1.41276
60 14 1.35936
61 14 1.30833
62 14 1.25948
63 14 1.21263
64 14 1.16763
65 14 1.12432
66 14 1.08256
67 14 1.04221
68 14 1.00315
69 14 0.965252
70 14 0.928407
71 14 0.892516
72 14 0.857474
73 14 0.823199
74 14 0.7896
75 14 0.756605
76 14 0.724138
77 14 0.692138
78 14 0.660539
79 14 0.629293
80 14 0.598344
81 14 0.567652
82 14 0.537172
83 14 0.506872
84 14 0.476715
85 14 0.446677
86 14 0.41673
87 14 0.386857
88 14 0.357034
89 14 0.327251
90 14 0.297492
91 14 0.267749
92 14 0.238013
93 14 0.208278
94 14 0.17854
95 14 0.148798
96 14 0.119049
97 14 0.0892936
98 14 0.0595324
99 14 0.0297673
100 14 0.00744102
1 15 0.057806
2 15 0.231228
3 15 0.463094
4 15 0.69623
5 15 0.931249
6 15 1.16874
7 15 1.40925
8 15 1.65326
9 15 1.90118
10 15 2.1533
11 15 2.40977
12 15 2.67051
13 15 2.93516
14 15 3.20299
15 15 3.47278
16 15 3.74266
17 15 4.00995
18 15 4.271
19 15 4.52124
20 15 4.75654
21 15 4.96963
22 15 5.1438
23 15 5.278
24 15 5.37329
25 15 5.4305
26 15 5.44998
27 15 5.43155
28 15 5.37454
29 15 5.27807
30 15 5.14335
31 15 4.98726
32 15 4.81725
33 15 4.63765
34 15 4.45318
35 15 4.26769
36 15 4.08408
37 15 3.90439
38 15 3.73008
39 15 3.56207
40 15 3.40096
41 15 3.24705
42 15 3.10045
43 15 2.96113
44 15 2.82893
45 15 2.70365
46 15 2.58503
47 15 2.47278
48 15 2.36658
49 15 2.26613
50 15 2.17111
51 15 2.08119
52 15 1.99607
53 15 1.91544
54 15 1.83903
55 15 1.76654
56 15 1.69771
57 15 1.63228
58 15 1.57002
59 15 1.51068
60 15 1.45406
61 15 1.39993
62 15 1.34811
63 15 1.29841
64 15 1.25066
65 15 1.20469
66 15 1.16035
67 15 1.11749
68 15 1.07597
69 15 1.03567
70 15 0.996477
71 15 0.958265
72 15 0.920941
73 15 0.884403
74 15 0.848567
75 15 0.813346
76 15 0.77867
77 15 0.744462
78 15 0.710667
79 15 0.677219
80 15 0.644073
81 15 0.611175
82 15 0.578488
83 15 0.545969
84 15 0.51359
85 15 0.481316
86 15 0.449126
87 15 0.416996
88 15 0.384909
89 15 0.352848
90 15 0.320802
91 15 0.28876
92 15 0.256717
93 15 0.224665
94 15 0.192603
95 15 0.160528
96 15 0.128441
97 15 0.0963418
98 15 0.0642337
99 15 0.0321185
100 15 0.00802879
1 16 0.0614002
2 16 0.245605
3 16 0.491969
4 16 0.739849
5 16 0.989989
6 16 1.24312
7 16 1.49993
8 16 1.76109
9 16 2.02719
10 16 2.29873
11 16 2.57609
12 16 2.85946
13 16 3.14874
14 16 3.44346
15 16 3.74266
16 16 4.04463
17 16 4.34672
18 16 4.64464
19 16 4.93193
20 16 5.20814
21 16 5.47101
22 16 5.66949
23 16 5.81811
24 16 5.92213
25 16 5.98371
26 16 6.0035
27 16 5.98104
28 16 5.91433
29 16 5.79828
30 16 5.61855
31 16 5.42637
32 16 5.22418
33 16 5.01264
34 16 4.7984
35 16 4.58592
36 16 4.3781
37 16 4.17683
38 16 3.98331
39 16 3.79825
40 16 3.62197
41 16 3.45455
42 16 3.29587
43 16 3.1457
44 16 3.00374
45 16 2.86964
46 16 2.74301
47 16 2.62346
48 16 2.51059
49 16 2.40401
50 16 2.30333
51 16 2.20818
52 16 2.1182
53 16 2.03306
54 16 1.95241
55 16 1.87596
56 16 1.80339
57 16 1.73444
58 16 1.66883
59 16 1.60631
60 16 1.54665
61 16 1.48963
62 16 1.43503
63 16 1.38265
64 16 1.3323
65 16 1.28382
66 16 1.23703
67 16 1.19179
68 16 1.14794
69 16 1.10536
70 16 1.06391
71 16 1.02348
72 16 0.983951
73 16 0.945236
74 16 0.907231
75 16 0.869855
76 16 0.833023
77 16 0.796669
78 16 0.760718
79 16 0.725117
80 16 0.689804
81 16 0.654736
82 16 0.619864
83 16 0.585153
84 16 0.550564
85 16 0.516071
86 16 0.481645
87 16 0.447267
88 16 0.412915
89 16 0.378578
90 16 0.344241
91 16 0.309897
92 16 0.275536
93 16 0.241159
94 16 0.206759
95 16 0.172339
96 16 0.137899
97 16 0.103441
98 16 0.0689687
99 16 0.0344869
100 16 0.0086208
1 17 0.0648081
2 17 0.259236
3 17 0.519359
4 17 0.781252
5 17 1.0458
6 17 1.31388
7 17 1.58636
8 17 1.86408
9 17 2.14786
10 17 2.43847
11 17 2.73656
12 17 3.04265
13 17 3.35704
14 17 3.67966
15 17 4.00995
16 17 4.34672
17 17 4.68787
18 17 5.02914
19 17 5.35396
20 17 5.67335
21 17 5.93704
22 17 6.14534
23 17 6.3031
24 17 6.41371
25 17 6.47901
26 17 6.49962
27 17 6.4751
28 17 6.4038
29 17 6.28251
30 17 6.10658
31 17 5.87587
32 17 5.64086
33 17 5.39073
34 17 5.14225
35 17 4.8999
36 17 4.66598
37 17 4.44192
38 17 4.22852
39 17 4.02608
40 17 3.83457
41 17 3.65374
42 17 3.48321
43 17 3.32251
44 17 3.17116
45 17 3.02861
46 17 2.89437
47 17 2.76792
48 17 2.64877
49 17 2.53644
50 17 2.43048
51 17 2.33046
52 17 2.23598
53 17 2.14663
54 17 2.06207
55 17 1.98193
56 17 1.90591
57 17 1.83369
58 17 1.76499
59 17 1.69953
60 17 1.63706
61 17 1.57734
62 17 1.52015
63 17 1.46527
64 17 1.41251
65 17 1.36167
66 17 1.31259
67 17 1.2651
68 17 1.21905
69 17 1.17429
70 17 1.1307
71 17 1.08814
72 17 1.04651
73 17 1.0057
74 17 0.965609
75 17 0.926142
76 17 0.887224
77 17 0.848771
78 17 0.810721
79 17 0.773003
80 17 0.735568
81 17 0.698357
82 17 0.661332
83 17 0.624445
84 17 0.587669
85 17 0.550966
86 17 0.514317
87 17 0.477693
88 17 0.441081
89 17 0.404463
90 17 0.367832
91 17 0.331175
92 17 0.294491
93 17 0.257774
94 17 0.221024
95 17 0.184242
96 17 0.147433
97 17 0.110597
98 17 0.0737429
99 17 0.0368748
100 17 0.00921776
1 18 0.0679984
2 18 0.271997
3 18 0.545008
4 18 0.820048
5 18 1.09814
6 18 1.38032
7 18 1.66763
8 18 1.96112
9 18 2.26185
10 18 2.57086
11 18 2.88917
12 18 3.21772
13 18 3.55729
14 18 3.90837
15 18 4.271
16 18 4.64464
17 18 5.02914
18 18 5.43033
19 18 5.78167
20 18 6.09455
21 18 6.35876
22 18 6.57204
23 18 6.73556
24 18 6.85094
25 18 6.91935
26 18 6.94122
27 18 6.9163
28 18 6.84363
29 18 6.72179
30 18 6.54977
31 18 6.33006
32 18 6.07306
33 18 5.76759
34 18 5.4804
35 18 5.20589
36 18 4.94444
37 18 4.69681
38 18 4.46322
39 18 4.24344
40 18 4.03695
41 18 3.84311
42 18 3.66119
43 18 3.49047
44 18 3.33022
45 18 3.17977
46 18 3.03842
47 18 2.90557
48 18 2.78061
49 18 2.66299
50 18 2.55218
51 18 2.44771
52 18 2.34909
53 18 2.25592
54 18 2.16777
55 18 2.08429
56 18 2.00511
57 18 1.92992
58 18 1.85838
59 18 1.79023
60 18 1.72518
61 18 1.66299
62 18 1.60341
63 18 1.54623
64 18 1.49122
65 18 1.4382
66 18 1.38698
67 18 1.33739
68 18 1.28926
69 18 1.24247
70 18 1.19684
71 18 1.15227
72 18 1.10863
73 18 1.06582
74 18 1.02371
75 18 0.982235
76 18 0.941289
77 18 0.900803
78 18 0.860698
79 18 0.820915
80 18 0.781389
81 18 0.742075
82 18 0.702918
83 18 0.663885
84 18 0.624933
85 18 0.586037
86 18 0.547167
87 18 0.508306
88 18 0.46943
89 18 0.430533
90 18 0.391597
91 18 0.352622
92 18 0.313599
93 18 0.27453
94 18 0.235412
95 18 0.196252
96 18 0.157052
97 18 0.11782
98 18 0.0785612
99 18 0.0392852
100 18 0.00982025
1 19 0.0709395
2 19 0.283762
3 19 0.56866
4 19 0.85584
5 19 1.14646
6 19 1.44171
7 19 1.74282
8 19 2.05104
9 19 2.36768
10 19 2.6941
11 19 3.03171
12 19 3.38194
13 19 3.74621
14 19 4.12575
15 19 4.52124
16 19 4.93193
17 19 5.35396
18 19 5.78167
19 19 6.14811
20 19 6.4647
21 19 6.73172
22 19 6.94882
23 19 7.11647
24 19 7.2355
25 19 7.30656
26 19 7.32998
27 19 7.30563
28 19 7.23305
29 19 7.11162
30 19 6.94107
31 19 6.72194
32 19 6.45418
33 19 6.12658
34 19 5.80632
35 19 5.49927
36 19 5.20953
37 19 4.93811
38 19 4.68459
39 19 4.44798
40 19 4.22718
41 19 4.02104
42 19 3.82847
43 19 3.64844
44 19 3.48002
45 19 3.3223
46 19 3.1745
47 19 3.03583
48 19 2.90563
49 19 2.78324
50 19 2.66808
51 19 2.55959
52 19 2.45729
53 19 2.36067
54 19 2.26933
55 19 2.18284
56 19 2.10085
57 19 2.02297
58 19 1.9489
59 19 1.87832
60 19 1.81095
61 19 1.74651
62 19 1.68477
63 19 1.62548
64 19 1.56842
65 19 1.51339
66 19 1.46019
67 19 1.40865
68 19 1.3586
69 19 1.30989
70 19 1.26236
71 19 1.21588
72 19 1.17034
73 19 1.1256
74 19 1.08158
75 19 1.03816
76 19 0.995257
77 19 0.952791
78 19 0.910691
79 19 0.868882
80 19 0.827312
81 19 0.78592
82 19 0.744666
83 19 0.703501
84 19 0.662396
85 19 0.621314
86 19 0.580235
87 19 0.539134
88 19 0.497998
89 19 0.456811
90 19 0.415567
91 19 0.374258
92 19 0.332885
93 19 0.291445
94 19 0.249943
95 19 0.208382
96 19 0.166771
97 19 0.125117
98 19 0.0834302
99 19 0.0417207
100 19 0.0104291
1 20 0.0736009
2 20 0.294408
3 20 0.590067
4 20 0.888241
5 20 1.19022
6 20 1.49734
7 20 1.811
8 20 2.13265
9 20 2.46386
10 20 2.8063
11 20 3.16179
12 20 3.53232
13 20 3.92007
14 20 4.32739
15 20 4.75654
16 20 5.20814
17 20 5.67335
18 20 6.09455
19 20 6.4647
20 20 6.78473
21 20 7.05493
22 20 7.27537
23 20 7.44637
24 20 7.56838
25 20 7.64181
26 20 7.66689
27 20 7.64359
28 20 7.57171
29 20 7.45101
30 20 7.28136
31 20 7.06292
32 20 6.7956
33 20 6.47871
34 20 6.1195
35 20 5.77583
36 20 5.45679
37 20 5.16203
38 20 4.88953
39 20 4.63724
40 20 4.40326
41 20 4.18592
42 20 3.98372
43 20 3.79535
44 20 3.61963
45 20 3.45548
46 20 3.30196
47 20 3.15819
48 20 3.02337
49 20 2.89681
50 20 2.77784
51 20 2.66586
52 20 2.56032
53 20 2.46071
54 20 2.36657
55 20 2.27746
56 20 2.19298
57 20 2.11276
58 20 2.03645
59 20 1.96373
60 20 1.89429
61 20 1.82787
62 20 1.76418
63 20 1.703
64 20 1.64408
65 20 1.58723
66 20 1.53223
67 20 1.4789
68 20 1.42707
69 20 1.37657
70 20 1.32726
71 20 1.279
72 20 1.23165
73 20 1.1851
74 20 1.13923
75 20 1.09395
76 20 1.04916
77 20 1.00478
78 20 0.960733
79 20 0.916953
80 20 0.873372
81 20 0.829943
82 20 0.786611
83 20 0.743342
84 20 0.700093
85 20 0.656841
86 20 0.613554
87 20 0.570219
88 20 0.526815
89 20 0.483335
90 20 0.439768
91 20 0.396115
92 20 0.352371
93 20 0.308543
94 20 0.264632
95 20 0.220649
96 20 0.1766
97 20 0.132499
98 20 0.0883557
99 20 0.044185
100 20 0.0110451
1 21 0.0759541
2 21 0.303821
3 21 0.608994
4 21 0.916889
5 21 1.22891
6 21 1.54653
7 21 1.87129
8 21 2.20483
9 21 2.54895
10 21 2.90562
11 21 3.27702
12 21 3.66568
13 21 4.07456
14 21 4.50742
15 21 4.96963
16 21 5.47101
17 21 5.93704
18 21 6.35876
19 21 6.73172
20 21 7.05493
21 21 7.32823
22 21 7.55172
23 21 7.72561
24 21 7.85022
25 21 7.92582
26 21 7.95258
27 21 7.93054
28 21 7.85964
29 21 7.73977
30 21 7.57092
31 21 7.35322
32 21 7.08706
33 21 6.77363
34 21 6.41763
35 21 6.02826
36 21 5.6803
37 21 5.36418
38 21 5.07481
39 21 4.80872
40 21 4.56324
41 21 4.33618
42 21 4.1257
43 21 3.93017
44 21 3.74822
45 21 3.5786
46 21 3.42023
47 21 3.27213
48 21 3.13344
49 21 3.00335
50 21 2.88118
51 21 2.76625
52 21 2.65799
53 21 2.55585
54 21 2.45935
55 21 2.36801
56 21 2.28142
57 21 2.19919
58 21 2.12097
59 21 2.04639
60 21 1.97517
61 21 1.907
62 21 1.84162
63 21 1.77877
64 21 1.71821
65 21 1.65972
66 21 1.6031
67 21 1.54814
68 21 1.49468
69 21 1.44255
70 21 1.39159
71 21 1.34165
72 21 1.29261
73 21 1.24433
74 21 1.19672
75 21 1.14965
76 21 1.10305
77 21 1.05681
78 21 1.01088
79 21 0.965168
80 21 0.919624
81 21 0.874183
82 21 0.828808
83 21 0.783448
84 21 0.738077
85 21 0.692657
86 21 0.647171
87 21 0.601596
88 21 0.555922
89 21 0.510136
90 21 0.464237
91 21 0.418219
92 21 0.372088
93 21 0.325846
94 21 0.279504
95 21 0.233069
96 21 0.186555
97 21 0.139975
98 21 0.0933456
99 21 0.0466813
100 21 0.0116692
1 22 0.0779741
2 22 0.311901
3 22 0.625237
4 22 0.941465
5 22 1.26209
6 22 1.58867
7 22 1.9229
8 22 2.26657
9 22 2.62165
10 22 2.99036
11 22 3.37518
12 22 3.77901
13 22 4.2053
14 22 4.65834
15 22 5.1438
16 22 5.66949
17 22 6.14534
18 22 6.57204
19 22 6.94882
20 22 7.27537
21 22 7.55172
22 22 7.77802
23 22 7.95452
24 22 8.08146
25 22 8.15907
26 22 8.1875
27 22 8.1668
28 22 8.09698
29 22 7.97799
30 22 7.8098
31 22 7.5925
32 22 7.32626
33 22 7.01164
34 22 6.64964
35 22 6.23982
36 22 5.8725
37 22 5.54014
38 22 5.23735
39 22 4.96014
40 22 4.70536
41 22 4.47046
42 22 4.25328
43 22 4.05201
44 22 3.86505
45 22 3.69106
46 22 3.52882
47 22 3.37728
48 22 3.23548
49 22 3.1026
50 22 2.97785
51 22 2.86057
52 22 2.75013
53 22 2.64596
54 22 2.54754
55 22 2.4544
56 22 2.36609
57 22 2.28222
58 22 2.20239
59 22 2.12629
60 22 2.05356
61 22 1.98393
62 22 1.91709
63 22 1.8528
64 22 1.7908
65 22 1.73088
66 22 1.67281
67 22 1.61641
68 22 1.56148
69 22 1.50785
70 22 1.45536
71 22 1.40388
72 22 1.35325
73 22 1.30336
74 22 1.25408
75 22 1.20532
76 22 1.15697
77 22 1.10895
78 22 1.06118
79 22 1.01359
80 22 0.966115
81 22 0.918704
82 22 0.871303
83 22 0.823879
84 22 0.776391
85 22 0.728817
86 22 0.681129
87 22 0.633315
88 22 0.585359
89 22 0.537259
90 22 0.489006
91 22 0.440607
92 22 0.392063
93 22 0.343384
94 22 0.294579
95 22 0.245664
96 22 0.196651
97 22 0.147559
98 22 0.0984069
99 22 0.0492139
100 22 0.0123022
1 23 0.0796404
2 23 0.318567
3 23 0.638629
4 23 0.961706
5 23 1.28937
6 23 1.62328
7 23 1.96519
8 23 2.31702
9 23 2.68089
10 23 3.05916
11 23 3.45453
12 23 3.8701
13 23 4.30951
14 23 4.7771
15 23 5.278
16 23 5.81811
17 23 6.3031
18 23 6.73556
19 23 7.11647
20 23 7.44637
21 23 7.72561
22 23 7.95452
23 23 8.13338
24 23 8.26245
25 23 8.34194
26 23 8.37198
27 23 8.35265
28 23 8.28396
29 23 8.16587
30 23 7.99831
31 23 7.78119
32 23 7.51437
33 23 7.19757
34 23 6.83002
35 23 6.4094
36 23 6.0303
37 23 5.68708
38 23 5.37489
39 23 5.08971
40 23 4.8282
41 23 4.5876
42 23 4.36557
43 23 4.16011
44 23 3.96954
45 23 3.79238
46 23 3.62734
47 23 3.47329
48 23 3.32925
49 23 3.19431
50 23 3.06769
51 23 2.94868
52 23 2.83662
53 23 2.73093
54 23 2.63107
55 23 2.53656
56 23 2.44694
57 23 2.36178
58 23 2.28073
59 23 2.20339
60 23 2.12947
61 23 2.05863
62 23 1.9906
63 23 1.9251
64 23 1.8619
65 23 1.80074
66 23 1.74142
67 23 1.68373
68 23 1.6275
69 23 1.57252
70 23 1.51866
71 23 1.46574
72 23 1.41365
73 23 1.36224
74 23 1.3114
75 23 1.26101
76 23 1.211
77 23 1.16125
78 23 1.11171
79 23 1.06228
80 23 1.01292
81 23 0.963559
82 23 0.914164
83 23 0.864686
84 23 0.815099
85 23 0.765369
86 23 0.715483
87 23 0.66542
88 23 0.615175
89 23 0.56474
90 23 0.514119
91 23 0.463312
92 23 0.41233
93 23 0.361182
94 23 0.309884
95 23 0.258451
96 23 0.206904
97 23 0.155262
98 23 0.103549
99 23 0.0517866
100 23 0.0129454
1 24 0.0809381
2 24 0.323758
3 24 0.649046
4 24 0.977421
5 24 1.3105
6 24 1.64998
7 24 1.99768
8 24 2.35558
9 24 2.72589
10 24 3.11105
11 24 3.51388
12 24 3.93756
13 24 4.3858
14 24 4.86281
15 24 5.37329
16 24 5.92213
17 24 6.41371
18 24 6.85094
19 24 7.2355
20 24 7.56838
21 24 7.85022
22 24 8.08146
23 24 8.26245
24 24 8.39346
25 24 8.4747
26 24 8.5063
27 24 8.48834
28 24 8.42083
29 24 8.30372
30 24 8.13689
31 24 7.92012
32 24 7.653
33 24 7.33479
34 24 6.96401
35 24 6.53806
36 24 6.15278
37 24 5.80358
38 24 5.48602
39 24 5.19621
40 24 4.93075
41 24 4.68679
42 24 4.46189
43 24 4.25397
44 24 4.06125
45 24 3.88221
46 24 3.71549
47 24 3.55995
48 24 3.41454
49 24 3.27835
50 24 3.15057
51 24 3.03047
52 24 2.91738
53 24 2.81071
54 24 2.70991
55 24 2.61447
56 24 2.52394
57 24 2.4379
58 24 2.35595
59 24 2.27773
60 24 2.20289
61 24 2.13114
62 24 2.06217
63 24 1.99572
64 24 1.93152
65 24 1.86934
66 24 1.80896
67 24 1.75018
68 24 1.69279
69 24 1.63663
70 24 1.58152
71 24 1.52731
72 24 1.47386
73 24 1.42104
74 24 1.36872
75 24 1.31681
76 24 1.26519
77 24 1.21379
78 24 1.16252
79 24 1.11131
80 24 1.06009
81 24 1.00882
82 24 0.95745
83 24 0.905941
84 24 0.854256
85 24 0.80238
86 24 0.750286
87 24 0.697969
88 24 0.645417
89 24 0.592633
90 24 0.539615
91 24 0.486376
92 24 0.432923
93 24 0.379274
94 24 0.325444
95 24 0.271457
96 24 0.217333
97 24 0.163099
98 24 0.10878
99 24 0.0544045
100 24 0.0135998
1 25 0.0818584
2 25 0.327439
3 25 0.656417
4 25 0.9885
5 25 1.32531
6 25 1.66856
7 25 2.02009
8 25 2.38189
9 25 2.75619
10 25 3.14548
11 25 3.55257
12 25 3.9807
13 25 4.43356
14 25 4.91532
15 25 5.4305
16 25 5.98371
17 25 6.47901
18 25 6.91935
19 25 7.30656
20 25 7.64181
21 25 7.92582
22 25 8.15907
23 25 8.34194
24 25 8.4747
25 25 8.55755
26 25 8.59065
27 25 8.57406
28 25 8.5078
29 25 8.39181
30 25 8.22595
31 25 8.00994
32 25 7.7433
33 25 7.42512
34 25 7.05379
35 25 6.62662
36 25 6.23981
37 25 5.88903
38 25 5.57004
39 25 5.27896
40 25 5.01244
41 25 4.76756
42 25 4.54188
43 25 4.33327
44 25 4.13996
45 25 3.96036
46 25 3.79315
47 25 3.63713
48 25 3.49128
49 25 3.35465
50 25 3.22645
51 25 3.10592
52 25 2.99241
53 25 2.88529
54 25 2.78404
55 25 2.68814
56 25 2.59713
57 25 2.51058
58 25 2.42809
59 25 2.34931
60 25 2.27388
61 25 2.20149
62 25 2.13186
63 25 2.06469
64 25 1.99973
65 25 1.93674
66 25 1.87551
67 25 1.8158
68 25 1.75744
69 25 1.70023
70 25 1.64402
71 25 1.58864
72 25 1.53396
73 25 1.47983
74 25 1.42614
75 25 1.37277
76 25 1.31964
77 25 1.26664
78 25 1.2137
79 25 1.16075
80 25 1.10772
81 25 1.05456
82 25 1.00124
83 25 0.947706
84 25 0.893938
85 25 0.839908
86 25 0.785606
87 25 0.731017
88 25 0.676144
89 25 0.620983
90 25 0.565546
91 25 0.509839
92 25 0.453883
93 25 0.397691
94 25 0.341291
95 25 0.284703
96 25 0.227958
97 25 0.171083
98 25 0.114111
99 25 0.057072
100 25 0.0142667
1 26 0.0823997
2 26 0.329604
3 26 0.660728
4 26 0.994915
5 26 1.33377
6 26 1.67898
7 26 2.03235
8 26 2.39586
9 26 2.77169
10 26 3.16229
11 26 3.57045
12 26 3.99935
13 26 4.45269
14 26 4.93467
15 26 5.44998
16 26 6.0035
17 26 6.49962
18 26 6.94122
19 26 7.32998
20 26 7.66689
21 26 7.95258
22 26 8.1875
23 26 8.37198
24 26 8.5063
25 26 8.59065
26 26 8.62518
27 26 8.60998
28 26 8.54503
29 26 8.43031
30 26 8.26569
31 26 8.05096
32 26 7.78572
33 26 7.46921
34 26 7.09999
35 26 6.67544
36 26 6.29142
37 26 5.94334
38 26 5.62677
39 26 5.33783
40 26 5.07312
41 26 4.82981
42 26 4.60544
43 26 4.39797
44 26 4.2056
45 26 4.02683
46 26 3.86029
47 26 3.70485
48 26 3.55946
49 26 3.42324
50 26 3.29534
51 26 3.17506
52 26 3.06171
53 26 2.95471
54 26 2.85351
55 26 2.75761
56 26 2.66653
57 26 2.57987
58 26 2.49721
59 26 2.4182
60 26 2.34249
61 26 2.26976
62 26 2.19972
63 26 2.13209
64 26 2.0666
65 26 2.00302
66 26 1.94112
67 26 1.88068
68 26 1.82151
69 26 1.76343
70 26 1.70625
71 26 1.64984
72 26 1.59404
73 26 1.53871
74 26 1.48374
75 26 1.42901
76 26 1.37442
77 26 1.3199
78 26 1.26534
79 26 1.21069
80 26 1.15588
81 26 1.10087
82 26 1.04561
83 26 0.990069
84 26 0.934212
85 26 0.878031
86 26 0.821504
87 26 0.764633
88 26 0.707411
89 26 0.649851
90 26 0.591957
91 26 0.533751
92 26 0.475247
93 26 0.416473
94 26 0.357453
95 26 0.298218
96 26 0.238799
97 26 0.179232
98 26 0.119552
99 26 0.059795
100 26 0.0149473
1 27 0.0825669
2 27 0.330274
3 27 0.662019
4 27 0.996734
5 27 1.33597
6 27 1.68135
7 27 2.03461
8 27 2.39767
9 27 2.7726
10 27 3.16175
11 27 3.56779
12 27 3.99382
13 27 4.44344
14 27 4.92098
15 27 5.43155
16 27 5.98104
17 27 6.4751
18 27 6.9163
19 27 7.30563
20 27 7.64359
21 27 7.93054
22 27 8.1668
23 27 8.35265
24 27 8.48834
25 27 8.57406
26 27 8.60998
27 27 8.59614
28 27 8.53258
29 27 8.41926
30 27 8.25613
31 27 8.04308
32 27 7.78
33 27 7.4666
34 27 7.10216
35 27 6.68434
36 27 6.30775
37 27 5.96676
38 27 5.65656
39 27 5.37311
40 27 5.11311
41 27 4.87378
42 27 4.65282
43 27 4.44825
44 27 4.25838
45 27 4.08174
46 27 3.91706
47 27 3.76321
48 27 3.61922
49 27 3.48419
50 27 3.35735
51 27 3.23795
52 27 3.12539
53 27 3.01904
54 27 2.9184
55 27 2.82295
56 27 2.73224
57 27 2.64585
58 27 2.56338
59 27 2.48448
60 27 2.4088
61 27 2.33602
62 27 2.26585
63 27 2.198
64 27 2.13222
65 27 2.06826
66 27 2.0059
67 27 1.94491
68 27 1.88511
69 27 1.8263
70 27 1.76832
71 27 1.711
72 27 1.6542
73 27 1.59778
74 27 1.54162
75 27 1.48561
76 27 1.42965
77 27 1.37365
78 27 1.31754
79 27 1.26123
80 27 1.20468
81 27 1.14783
82 27 1.09065
83 27 1.0331
84 27 0.975167
85 27 0.916819
86 27 0.85806
87 27 0.798879
88 27 0.739288
89 27 0.679291
90 27 0.61891
91 27 0.558158
92 27 0.497065
93 27 0.435657
94 27 0.373967
95 27 0.312028
96 27 0.249881
97 27 0.187562
98 27 0.125114
99 27 0.0625787
100 27 0.0156432
1 28 0.0823721
2 28 0.329494
3 28 0.660389
4 28 0.994104
5 28 1.33211
6 28 1.67594
7 28 2.02723
8 28 2.38776
9 28 2.75947
10 28 3.14452
11 28 3.54539
12 28 3.96493
13 28 4.40656
14 28 4.87455
15 28 5.37454
16 28 5.91433
17 28 6.4038
18 28 6.84363
19 28 7.23305
20 28 7.57171
21 28 7.85964
22 28 8.09698
23 28 8.28396
24 28 8.42083
25 28 8.5078
26 28 8.54503
27 28 8.53258
28 28 8.47045
29 28 8.35861
30 28 8.19705
31 28 7.98584
32 28 7.7252
33 28 7.41569
34 28 7.05832
35 28 6.65268
36 28 6.28911
37 28 5.9601
38 28 5.66026
39 28 5.38564
40 28 5.1331
41 28 4.9001
42 28 4.68452
43 28 4.48456
44 28 4.29864
45 28 4.12542
46 28 3.96371
47 28 3.81247
48 28 3.67075
49 28 3.53772
50 28 3.41262
51 28 3.29478
52 28 3.18357
53 28 3.07843
54 28 2.97882
55 28 2.88428
56 28 2.79435
57 28 2.70863
58 28 2.62671
59 28 2.54825
60 28 2.47291
61 28 2.40037
62 28 2.33033
63 28 2.26253
64 28 2.19668
65 28 2.13257
66 28 2.06994
67 28 2.0086
68 28 1.94834
69 28 1.88897
70 28 1.83031
71 28 1.77222
72 28 1.71454
73 28 1.65714
74 28 1.59989
75 28 1.54269
76 28 1.48542
77 28 1.42802
78 28 1.37039
79 28 1.31247
80 28 1.25421
81 28 1.19555
82 28 1.13646
83 28 1.07691
84 28 1.01688
85 28 0.956365
86 28 0.895346
87 28 0.833837
88 28 0.77184
89 28 0.709375
90 28 0.646457
91 28 0.583117
92 28 0.519381
93 28 0.455286
94 28 0.390867
95 28 0.326166
96 28 0.261225
97 28 0.196091
98 28 0.13081
99 28 0.0654297
100 28 0.0163559
1 29 0.0818335
2 29 0.32734
3 29 0.655985
4 29 0.987258
5 29 1.32252
6 29 1.66319
7 29 2.01076
8 29 2.36685
9 29 2.73318
10 29 3.1117
11 29 3.50455
12 29 3.9142
13 29 4.34359
14 29 4.79644
15 29 5.27807
16 29 5.79828
17 29 6.28251
18 29 6.72179
19 29 7.11162
20 29 7.45101
21 29 7.73977
22 29 7.97799
23 29 8.16587
24 29 8.30372
25 29 8.39181
26 29 8.43031
27 29 8.41926
28 29 8.35861
29 29 8.24827
30 29 8.08823
31 29 7.87864
32 29 7.61992
33 29 7.31327
34 29 6.96343
35 29 6.57961
36 29 6.23663
37 29 5.92493
38 29 5.63947
39 29 5.37679
40 29 5.13427
41 29 4.90973
42 29 4.70135
43 29 4.50754
